# Created by Octave 3.2.4, Thu Nov 24 21:30:50 2011 Eastern Standard Time <unknown@unknown>
# name: x
# type: scalar
1
